433,0.002145331049814295
437,0.000593955703194754
022,0.013958189367524734
147,0.011616414883472903
334,0.012999943861501596
005,0.01002512517340812
437,0.0022691658729201997
355,0.0031868911290083143
436,0.0007006765320871659
156,0.029170411114184003
434,0.0005721398395134867
433,0.0004630318734693021
366,0.004689476193064259
461,0.008299653329018998
476,0.02722358936586319
492,0.005162315493858705
354,0.00269756728972235
437,0.0007412918915764492
453,0.02549422200860549
178,0.12078815864271338
349,0.0012157901241277708
354,0.00269756728972235
436,0.0009452347925998692
011,0.024684881627379918
466,0.022563779213355197
363,0.004091371568867352
179,0.013372845942434985
466,0.031944685962421906
457,0.15449409421645408
133,0.042509727813893436
022,0.015708561035605403
436,0.0018877747888253623
189,0.014705886926949737
026,0.07289754105585632
026,0.04859836070390421
433,0.0007816448381277161
375,0.004241793501602277
363,0.017060622106915124
447,0.03962159344012573
050,0.022176792050266448
307,0.036925877722053246
019,0.00736011050537922
363,0.009208867757364528
208,0.14989373903854794
338,0.011923721775643869
243,0.006603874539474066
007,0.00523398415658371
064,0.07975115602691973
364,0.0031721520500253646
348,0.007013066708116955
137,0.0037473434759636988
007,0.007850976234875564
137,0.005621015213945548
436,0.0007006765320871659
435,0.0006756737272687492
445,0.02528695191097455
445,0.02528695191097455
152,0.009888091215634694
043,0.0017301043443470278
147,0.011616414883472903
292,0.010675733584366635
436,0.0017516913302179147
027,0.003965948466751507
250,0.015312340452710401
396,0.012801077676723038
380,0.006436202969580692
457,0.1007576392996931
292,0.1230531723246418
434,0.0005721398395134867
436,0.0008399092827138419
355,0.003555936600941411
359,0.0030607573927451657
358,0.0043628431698736194
017,0.38120296479584787
436,0.009421612188452146
371,0.003034434229316946
341,0.004770391234739064
354,0.006743918224305875
351,0.0032048378001544252
222,0.024733956938766358
351,0.004271594273214678
345,0.005071048614256692
354,0.0053951345794447
354,0.003595474624592234
373,0.002676673911402642
373,0.010706695645610567
347,0.005205514786694342
363,0.004604433878682264
349,0.0012157901241277708
349,0.0012157901241277708
349,0.0012157901241277708
349,0.0012157901241277708
374,0.004894248756962816
358,0.004708213790067968
340,0.005175199808735224
355,0.004575645583008267
355,0.004575645583008267
341,0.004770391234739064
351,0.0032048378001544252
349,0.0012157901241277708
339,0.004854147616152742
333,0.007980231135471121
373,0.005353347822805284
373,0.002676673911402642
373,0.002676673911402642
433,0.0007816448381277161
435,0.0006756737272687492
437,0.0006869144882225748
043,0.00865052172173514
361,0.005944185542379111
354,0.00269756728972235
346,0.004243240225170354
354,0.004046350934583525
348,0.007013066708116955
369,0.004276551636007577
298,0.0040650618106600235
289,0.004457606714510741
373,0.002676673911402642
373,0.004015010867103963
379,0.010539776588950032
258,0.010359017768692321
354,0.004046350934583525
436,0.0007345837728278147
354,0.00269756728972235
354,0.002396983083061489
354,0.004046350934583525
137,0.011242030427891096
363,0.013652560348380869
373,0.002676673911402642
137,0.0074946869519273976
354,0.003595474624592234
360,0.0077684547862625535
437,0.0007412918915764492
034,0.02664064312676548
437,0.0006483331065486285
371,0.003034434229316946
373,0.005353347822805284
338,0.003610348131639317
349,0.0012157901241277708
373,0.002378417809612648
437,0.0006483331065486285
373,0.002676673911402642
436,0.0007006765320871659
371,0.003034434229316946
354,0.004046350934583525
241,0.034375690479406903
362,0.005677907539332095
342,0.004952699180015716
338,0.002627933110884076
350,0.00454057676649616
467,0.17042712794793805
137,0.0037473434759636988
396,0.06606924298368509
025,0.21699733151510717
435,0.0006756737272687492
076,0.010519600062175432
433,0.0005210965587518106
029,0.007396658941854624
298,0.004936976325475984
373,0.002676673911402642
349,0.0012157901241277708
373,0.002676673911402642
348,0.009624159867402535
349,0.0012157901241277708
359,0.00473228616972213
365,0.004148442927709062
367,0.005696511144779981
373,0.0035676267144189723
349,0.0012157901241277708
354,0.002396983083061489
338,0.00344141734389046
375,0.004716487137059978
342,0.010195019668454677
373,0.002676673911402642
375,0.004241793501602277
371,0.003034434229316946
338,0.002627933110884076
341,0.004770391234739064
361,0.014860463855947777
362,0.0049658919455365675
373,0.002676673911402642
354,0.008389440790715212
354,0.00269756728972235
005,0.01002512517340812
347,0.005205514786694342
361,0.023776742169516443
349,0.0012157901241277708
353,0.03272081328515351
347,0.005205514786694342
364,0.0031721520500253646
346,0.004243240225170354
373,0.002378417809612648
354,0.00269756728972235
353,0.007271291841145224
376,0.009075853764370789
371,0.007586085573292365
436,0.0007345837728278147
363,0.026100699995522753
371,0.009103302687950838
434,0.0005721398395134867
338,0.001670168859549375